# TICTOC: YCSB med contention 
# Cores	txns/sec
1	69730.786170	0
2	130445.673289	2
4	277122.908682	16
8	475469.050023	60
12	657726.153165	130
16	834171.009740	219
20	1021140.169121	353
24	1184591.087494	493
28	1378203.539311	673
32	1551740.475464	851
# EPTMSTMP: YCSB med contention 
# Cores	txns/sec
1	73068.505304	0
2	134244.984826	9
4	273431.883780	49
8	493926.784546	204
12	669567.852153	444
16	851630.216621	753
20	1054364.457081	1185
24	1211978.717505	1660
28	1407865.748671	2250
32	1580850.481301	2885
# SILO: YCSB med contention 
# Cores	txns/sec
1	74586.344135	0
2	140238.913131	11
4	285384.118192	55
8	509968.396697	230
12	690463.411784	497
16	877697.129918	861
20	1088796.598388	1357
24	1242441.532682	1877
28	1450291.638559	2561
32	1631121.469981	3309
# OCC: YCSB med contention 
# Cores	txns/sec
1	50292.367132	0
2	89974.997971	11
4	180085.342063	69
8	336038.568201	300
12	472307.443025	649
16	602538.203893	1137
20	744385.110267	1786
24	861187.038090	2529
28	1002764.210746	3448
32	1118450.282677	4441
