# TICTOC: YCSB high contention 
# Cores	txns/sec
1	72633.899868	0
2	130590.548126	1280
4	257382.085465	7510
8	441271.470541	29955
12	591646.107639	63250
16	714553.159291	104342
20	841026.680230	155662
24	945496.122948	212294
28	1056315.862171	281072
32	1138880.135210	351144
# EPTMSTMP: YCSB high contention 
# Cores	txns/sec
1	71669.370274	0
2	124140.829612	1594
4	244127.896930	9029
8	419366.963796	36143
12	563470.767847	76437
16	683557.046141	126062
20	815190.905208	190048
24	908760.722581	254841
28	1018868.865523	335969
32	1102117.198267	418129
# SILO: YCSB high contention 
# Cores	txns/sec
1	76494.513469	0
2	138642.032726	2116
4	274436.369739	12493
8	471195.643704	50871
12	625077.101032	107589
16	749506.632834	178385
20	909005.769925	281530
24	1006617.880686	386480
28	1122963.713691	528140
32	1195497.692199	680221
# OCC: YCSB high contention 
# Cores	txns/sec
1	55249.577258	0
2	90768.001673	2452
4	175728.542518	14606
8	277119.564496	59821
12	339636.031058	125787
16	358200.032883	195887
20	344502.319633	245250
24	300008.061713	240527
28	275357.017073	232269
32	251087.817465	216712
