# 0.1% update
1	15.10
2	27.81
4	52.01
8	95.60
15	164.16
30	275.15
45	367.73
60	451.88
75	523.88
90	678.17
105	696.93
120	698.53
135	781.48
150	823.19
165	899.21
180	960.56
195	1062.88
210	1032.74
225	1060.66
240	1097.12


# 1% update
1	15.60
2	29.22
4	57.33
8	111.96
15	210.24
30	386.18
45	489.75
60	608.69
75	676.38
90	735.58
105	770.39
120	768.65
135	795.83
150	838.04
165	860.42
180	894.44
195	851.98
210	943.45
225	935.89
240	952.85



# 10% update
1	15.41
2	27.71
4	52.53
8	99.94
15	176.84
30	222.91
45	227.65
60	251.23
75	264.97
90	267.52
105	277.03
120	279.29
135	280.85
150	284.11
165	290.27
180	279.88
195	317.68
210	321.89
225	331.85
240	349.83


# 50% update
1	14.52
2	22.92
4	39.48
8	67.31
15	117.08
30	105.50
45	93.47
60	102.47
75	106.52
90	111.31
105	111.96
120	104.05
135	109.01
150	112.18
165	115.54
180	120.55
195	121.82
210	124.38
225	126.23
240	126.03


# 100% update
1	13.82
2	19.38
4	30.70
8	49.76
15	87.23
30	69.68
45	62.62
60	65.12
75	69.26
90	72.55
105	72.87
120	68.03
135	70.28
150	72.50
165	74.18
180	78.10
195	77.94
210	80.38
225	83.75
240	84.13
