# 0.1% update
1	13.96
2	25.82
4	48.57
8	88.70
15	157.65
30	265.98
45	341.28
60	442.06
75	492.34
90	600.69
105	622.57
120	662.26
135	709.20
150	726.97
165	740.60
180	749.23
195	815.07
210	822.84
225	813.46
240	831.94


# 1% update
1	14.44
2	27.18
4	53.13
8	104.82
15	196.98
30	360.78
45	510.72
60	635.53
75	735.06
90	837.98
105	932.49
120	951.37
135	1013.21
150	1064.82
165	1148.70
180	1205.36
195	1265.67
210	1293.71
225	1320.17
240	1359.07


# 10% update
1	14.30
2	25.76
4	49.45
8	94.58
15	172.26
30	235.48
45	276.02
60	314.00
75	345.24
90	367.85
105	395.27
120	376.83
135	406.28
150	436.51
165	460.55
180	491.12
195	520.97
210	531.11
225	551.46
240	582.53


# 50% update
1	13.59
2	21.72
4	38.02
8	66.35
15	115.57
30	122.82
45	137.72
60	154.09
75	163.98
90	170.44
105	179.25
120	176.54
135	186.17
150	195.28
165	208.48
180	215.15
195	222.19
210	238.35
225	248.73
240	255.11


# 100% update
1	12.90
2	19.13
4	30.00
8	50.74
15	86.22
30	81.84
45	92.82
60	106.42
75	113.65
90	116.20
105	122.55
120	119.16
135	127.73
150	134.97
165	144.92
180	150.33
195	160.36
210	161.41
225	164.24
240	166.19
