# HEKATON: YCSB high contention 
# Cores	txns/sec
1	62943.238417
15	42759.413102
30	2492.792649
45	740.004795
60	258.963366
75	113.715905
90	40.883321
105	21.938365
120	12.449928
# SILO: YCSB high contention
# Cores	txns/sec
1	87347.824803
15	81967.958266
30	50348.194538
45	38623.648276
60	30700.681867
75	18778.294369
90	11336.166131
105	7369.378862
120	6162.381733
135	5432.584046
150	4593.785604
165	4037.501447
180	3647.874224
195	3169.829006
210	2907.996919
225	2639.871089
240	2453.127499
# TICTOC: YCSB high contention 
# Cores	txns/sec
1	84631.617611
15	80786.563222
30	52267.064317
45	40639.832784
60	32783.248956
75	20032.872437
90	12169.145148
105	9287.878666
120	7362.626224
135	6601.226633
150	5385.845314
165	4744.078199
180	4298.453828
195	4035.946519
210	3498.769037
225	3187.564367
240	2909.080550
# MVCC: YCSB high contention 
# Cores	txns/sec
1	52962.791520
15	33645.747946
30	15625.154180
45	7127.719237
60	3546.442032
75	1910.987558
90	1178.313290
105	791.057794
120	571.987324
135	403.122753
150	309.000268
