# HEKATON: YCSB med contention 
# Cores	txns/sec
1	79024.458860
15	74178.167096
30	44215.436251
45	38355.095729
60	35712.306640
75	31538.222131
90	29060.823470
105	28326.503670
120	23060.279028
135	22585.607085
150	13472.932331
165	4599.803344
180	8560.985225
195	1126.532366
210	770.075018
225	1132.097006
240	2771.792650
# SILO: YCSB med contention 
# Cores	txns/sec
1	78219.529524
15	83257.640234
30	53998.103938
45	50395.756642
60	49018.133612
75	48095.251065
90	47532.709144
105	47177.918951
120	47490.274908
135	46373.371444
150	44868.857107
165	44925.128268
180	43371.952771
195	42279.538543
210	42920.006169
225	41473.541300
240	40881.556264
# TICTOC: YCSB med contention 
# Cores	txns/sec
1	75652.630658
15	80265.959393
30	56034.980230
45	50386.272927
60	49837.349288
75	47997.187415
90	47735.107900
105	46602.643745
120	46886.383797
135	45836.184467
150	43995.148922
165	44217.042001
180	40566.080490
195	40609.972691
210	42288.130291
225	38975.884656
240	40268.436368
# MVCC: YCSB med contention 
