# HEKATON: YCSB no contention 
# Cores	txns/sec
1	570756.709245
15	536458.773980
30	197081.848815
45	106711.700464
60	73998.214376
75	60947.043374
90	55663.128532
105	53193.086069
120	46084.846248
135	46654.215486
150	43667.465594
165	38175.097602
180	39909.207943
195	36794.548214
210	37857.865073
225	33822.467526
240	32476.349169
# SILO: YCSB no contention 
# Cores	txns/sec
1	481871.279653
15	436274.988506
30	332654.798098
45	315689.532676
60	356491.153612
75	350639.050890
90	359564.648408
105	357159.171671
120	362238.681398
135	353481.211707
150	346881.564115
165	344208.101566
180	329906.600563
195	328018.859439
210	328164.207789
225	320642.104852
240	314691.046028
# TICTOC: YCSB no contention 
# Cores	txns/sec
1	465789.181953
15	424765.464647
30	328248.199155
45	319995.671770
60	327663.977929
75	327791.603834
90	351474.553510
105	352491.475671
120	355012.019192
135	348118.316591
150	339556.720713
165	336091.913155
180	330116.564094
195	327178.357677
210	324210.058225
225	317345.566844
240	312069.545942# MVCC: YCSB no contention 
# Cores	txns/sec
1	538967.338579
15	558336.887394
30	333285.259469
45	153402.672096
60	137730.988453
75	114249.594074
90	106464.117778
105	89841.252241
120	92437.795841
135	75912.153255
150	71597.535056
165	68529.101864
180	63407.019695
195	61664.363141
210	68452.764615
225	57655.341126
240	56673.214111
